Prediction:

Accuracy:0.9891 
Loss:-1 
Confusion matrix:
[[ 971    0    0    0    1    1    5    1    1    0]
 [   0 1128    1    1    0    1    1    0    2    1]
 [   1    0 1021    1    2    0    1    2    4    0]
 [   0    0    0 1002    0    5    0    2    1    0]
 [   0    0    0    0  971    0    4    0    0    7]
 [   1    0    0    8    0  881    1    0    1    0]
 [   4    3    0    0    1    3  942    0    5    0]
 [   0    7    5    1    0    0    0 1012    1    2]
 [   0    0    1    2    0    1    0    0  968    2]
 [   0    0    0    3    3    2    0    3    3  995]]